200

1

1

0.00 0
0.00 40
-0.02 50
-0.02 80
0.0  90
x

0.00 0
0.00 110
-0.02 120
-0.02 130
0.0 140
0.0 170
0.02 180
0.02 190
0.0 199
x

.0 0
.0 10
x

0.0 0
0.0 10
-0.3 20
0.0 30

x




200

4

4

0.0 0
0.0 40
-0.005 50
-0.005 100
0.0  110
x

0.00 0
0.00 110
-0.04 120
-0.04 140
0.0 160
x

.0 0
.0 10
1. 30
x

0.0 0
0.0 190
0 199
x


200

4

1

0.0 0
0.0 40
-0.005 50
-0.005 100
0.0  110
x

0.00 0
0.00 110
0.04 120
0.04 140
0.0 160
x

.0 0
.0 10
-1. 30
x

0.0 0
0.0 190
0 199
x






200

1

4

0.0 0
0.0 40
-0.005 50
-0.005 100
0.0  110
x

0.00 0
0.00 100
0.04 110
0.04 130
0.0 140
-0.04 150
-0.04 170
0.0 180
x

.0 0
.0 10
x

0.0 0
0.0 190

x
